Template: NONE
DangerType: None
Clouds: 0.2934783
Grime: 0
RandomItemDensity: 0
RandomItemSpearChance: 0
Palette: 300
EffectColorA: 13
EffectColorB: 13
Effects: SunBlock-1-20-20, Brightness-0.1630435-292-67, Contrast-0.1521739-42-113, SkyAndLightBloom-0.1413043-323-203, 
