EffectColorA: 13
EffectColorB: 18
Effects: RoofTopView-1-377-221, Contrast-0.09782609-425-15, Brightness-0-303-97, SkyAndLightBloom-0.08695652-306-288, Moth-0.4130435-262-169, DayNight-0.6739131-492-422, 
PlacedObjects: HangingPearls><339.3372><364.3661><, HangingPearls><254.8381><359.6174><, HangingPearls><384.2498><357.95><, DayNightSettings><211.437><266.0708><-218~-176.3398~35~10, CustomDecal><1056.074><82.68587><-19~156~319~157~351~22~325~226~0.6521739~1~0~trainlogo~0.1956522~0.2391304~0.1956522~0.2391304~0.1956522~0.2391304~0.1956522~0.2391304, CustomDecal><616.1217><99.90341><-66~173~517~182~525~-40~223~296~0.6739131~1~0~verybigsimple~0.1521739~0.4673913~0.1521739~0.4673913~0.1521739~0.4673913~0.1521739~0.4673913, 
FadePalette: 50, 0.1086956, 0
